query_id	num_rel_ret
1	45
3	36
4	30
5	4
6	82
7	113
8	0
9	44
10	18
11	117
12	43
13	69
14	21
15	19
16	0
17	1
18	23
19	11
20	58
21	14
23	4
24	1
25	32
26	2
27	5
28	17
29	3
30	0
31	1
32	0
33	3
34	0
35	1
36	5
37	0
38	26
39	0
40	61
41	3
42	28
44	1
45	0
46	2
47	12
48	0
49	0
50	0
52	222
53	255
54	110
55	0
56	145
57	110
58	128
59	70
60	7
61	80
62	384
63	0
64	5
65	0
66	0
67	6
68	25
69	16
70	11
71	105
72	10
73	2
74	6
76	1
77	0
79	0
80	59
81	34
82	0
83	25
84	1
85	144
86	21
87	1
88	63
89	27
90	26
91	0
92	19
93	0
94	3
95	6
96	0
97	39
98	36
99	329
100	16
101	19
102	15
103	6
104	7
105	0
106	0
107	2
108	23
109	0
110	351
111	128
112	1
113	4
114	77
115	17
116	8
117	52
118	192
119	172
120	6
121	48
122	43
123	65
124	89
125	29
126	2
127	12
128	6
129	176
130	87
131	5
132	225
133	56
134	9
135	120
137	78
138	25
139	30
140	20
141	58
142	290
143	68
144	0
145	41
146	196
147	18
148	62
149	0
150	156
