query_id	num_rel_ret
1	38
3	39
4	32
5	4
6	101
7	101
8	0
9	44
10	10
11	109
12	47
13	35
14	29
15	26
16	0
17	0
18	23
19	11
20	48
21	14
23	3
24	1
25	38
26	2
27	5
28	17
29	3
30	0
31	1
32	0
33	4
34	0
35	1
36	4
37	0
38	28
39	0
40	54
41	3
42	12
44	2
45	0
46	1
47	13
48	0
49	0
50	0
52	258
53	235
54	99
55	0
56	229
57	110
58	129
59	74
60	4
61	76
62	368
63	0
64	3
65	0
66	0
67	4
68	19
69	7
70	11
71	90
72	8
73	1
74	4
76	0
77	0
79	0
80	49
81	37
82	0
83	13
84	17
85	144
86	18
87	2
88	40
89	24
90	53
91	0
92	23
93	0
94	1
95	4
96	0
97	39
98	36
99	331
100	23
101	22
102	14
103	5
104	5
105	0
106	0
107	1
108	23
109	0
110	295
111	113
112	1
113	4
114	79
115	28
116	13
117	50
118	182
119	143
120	5
121	41
122	40
123	47
124	85
125	49
126	2
127	21
128	4
129	118
130	117
131	4
132	195
133	39
134	6
135	126
137	72
138	21
139	30
140	15
141	54
142	324
143	47
144	0
145	43
146	150
147	13
148	48
149	0
150	142
