query_id	num_rel
1	111.0
2	214.0
3	74.0
4	41.0
5	40.0
6	129.0
7	158.0
8	29.0
9	53.0
10	148.0
11	231.0
12	272.0
13	70.0
14	53.0
15	58.0
16	43.0
17	142.0
18	69.0
19	61.0
20	63.0
21	23.0
22	514.0
23	141.0
24	145.0
25	39.0
26	14.0
27	6.0
28	19.0
29	6.0
30	0.0
31	1.0
32	3.0
33	13.0
34	0.0
35	1.0
36	6.0
37	7.0
38	216.0
39	0.0
40	147.0
41	8.0
42	78.0
43	42.0
44	57.0
45	52.0
46	38.0
47	36.0
48	19.0
49	25.0
50	5.0
51	36.0
52	631.0
53	389.0
54	157.0
55	518.0
56	549.0
57	110.0
58	144.0
59	925.0
60	24.0
61	104.0
62	589.0
63	6.0
64	464.0
65	0.0
66	2.0
67	758.0
68	111.0
69	16.0
70	60.0
71	561.0
72	85.0
73	371.0
74	504.0
75	37.0
76	175.0
77	179.0
78	200.0
79	452.0
80	292.0
81	55.0
82	217.0
83	450.0
84	76.0
85	1142.0
86	26.0
87	162.0
88	98.0
89	70.0
90	98.0
91	12.0
92	67.0
93	198.0
94	119.0
95	92.0
96	40.0
97	40.0
98	38.0
99	390.0
100	107.0
101	33.0
102	20.0
103	88.0
104	54.0
105	34.0
106	67.0
107	52.0
108	266.0
109	20.0
110	819.0
111	235.0
112	41.0
113	75.0
114	221.0
115	109.0
116	23.0
117	52.0
118	559.0
119	461.0
120	108.0
121	188.0
122	49.0
123	262.0
124	115.0
125	183.0
126	252.0
127	222.0
128	151.0
129	246.0
130	518.0
131	14.0
132	231.0
133	122.0
134	11.0
135	179.0
136	13.0
137	96.0
138	63.0
139	81.0
140	71.0
141	64.0
142	847.0
143	525.0
144	50.0
145	135.0
146	373.0
147	284.0
148	352.0
149	270.0
150	569.0
